Identificadores de los estantes y productos que pertenecen a dicha categoría

1-------------------------------------------- Categoría = 1 ---------------------------------------------------
Estantes:
14|15|35|40|44|46|48|67|71|76|81|84|91|114|121|126|142|153|157|164|174|185|186|189|191|204|212|215|226|232|233|237|244|246|248|257|270|271|293|306|309|331|362|376|386|400|409|424|429|437|439|464|472|485|493|514|519|521|525|533|563|564|566|569|577|583|598|599|614|622|623|630|636|652|654|660|666|671|672|679|694|711|712|735|738|749|770|773|778|782|786|800|803|807

Productos:
29O3X5A886ZY1|99VRIL778L02E|22VJ7PEGGS9WS|09GH76DGE9K57|7M9221H1Q5Z9U|1S2UH2UG1M624|23YG3G5P536G4|OKBOWM411YRTR|ZCFKYEW1J9B90|TD314AT6U1S4V|EDZ97HFZ7P1S5|B58S727K8M507|76N9RV6DGUCM3|Z0938C7X6125Z|0A6I37LD63N4C|6S9F7Z0LG4T83|809OK2K7GE9CQ|J75331099G8RB|85E6K2UM78GS7|DE2UOYUU88ZC8|G6M2T04327V7C|X17BCA833O0TB|91K0195S1010X|IP4V535001547|TNVZ2MLM67501|ZHFXI5Q0G1MZ4|357UMTDE1U5IY|D98KI0ARV92MX|ZF12L8932XLA8|7UM0R6ZWPZ53Z|F906BBS4UBDWL|M62CN3R8FE2CR|6C2G6C6CMG0XW|1Q7DY002XH6V0|6335YK67N5D10|AHMNJ1P0B4A35|464N2S0W8125P|G730T9D8XBQ1D|21Z23K45M2E3T|D32CECW75BD8H|503CTEE520NT5|7FZ75VFO4C1TI|6XT34L0Q9X3EX|AB02069V074OW|PF743A8YB1RT3|E1T2DXN40I6JH|P50TP766F9ZD4|7U7M63Z6N4KK3|IJF3GHKO3SJP8|NKD8O17706W62

2-------------------------------------------- Categoría = 2 ---------------------------------------------------
Estantes:
11|22|45|54|64|69|70|89|98|104|111|115|130|137|148|162|168|172|182|192|193|199|200|217|220|227|228|235|239|278|279|283|291|298|303|314|315|320|330|344|356|364|369|374|380|394|415|423|442|447|451|452|466|478|513|535|539|552|574|578|581|586|593|602|615|643|658|677|704|718|719|720|721|733|737|739|740|752|762|777|779

Productos:
P2P1CW80TO9U4|8L4870KNT63N3|RK2AU5T6WN389|QY53MX4ZA7G75|G8PW51GVAZ03D|4JNI2BWIN5155|NJ86645K5610A|W20262PTUY018|P890W60XN4U2J|LG7I36L029105|STQQ07UIANXEU|B89EV66IH10OP|1Z9L5T7Z80UAJ|7IVX05R8J269F|P9AQ9F1AKBI2S|O1LD9X3G24A71|E2GA4065QO7P9|L8466P6W096P3|V66N1V808OUI1

3-------------------------------------------- Categoría = 3 ---------------------------------------------------
Estantes:
13|33|39|47|57|60|66|90|95|101|103|105|108|120|127|135|167|171|176|198|218|221|251|255|261|273|290|296|305|310|318|323|324|347|395|406|410|413|420|428|453|459|462|476|480|492|496|502|503|504|517|518|523|530|531|538|571|596|625|628|631|648|668|688|697|699|714|726|730|734|736|744|784|791|802|808|809

Productos:
2HVR1SHFKHF68|KVS7K44EX3E48|22Q35CF3E6C4O|684327Y66RR78|18VWYN4P5X398|HP1QBHZLX9TT6|126Z07V85J941|Y1285N7GYW9WU|0U194P555D453|K7A1NR00LUZYD|R20849G3FH7YE|0XW9XWR5F3DX5|D95CRMWFJR148|WWX56S26574GP|D8548PO84W64M|77305EHO74WM0|3YISV73AYZW6C|003P60R2NA438|85457NH2MU964|9653MX2WTNC70

4-------------------------------------------- Categoría = 4 ---------------------------------------------------
Estantes:
16|49|79|83|87|97|110|113|131|134|146|154|159|165|184|194|206|207|208|211|234|238|243|247|259|260|281|287|297|302|321|325|332|333|334|340|349|375|379|391|412|425|434|440|449|461|471|473|482|497|505|506|508|520|544|555|565|580|600|606|613|620|621|644|650|653|682|715|750|754|755|758|768|775|781|795|810

Productos:
6W898H8O67Y9E|9AO18AH55R179|19898G96531XG|IKCC4G7D1JM1O|2A8X0558RJ0A8|X194EBY168Z8J|0PG0GD3CB88M3|8517Z1H104Z0O|W58H70M34YZM0|567X4Z748ABN6|O18N87D7T0Q05|U71884W8PKF6U|YJVB3QWIR1NVW|NJ4Y5458HAAN2|7RHMYAMEJK2E2|1SL1Q7G908134

5-------------------------------------------- Categoría = 5 ---------------------------------------------------
Estantes:
25|28|31|53|65|74|86|106|109|112|118|122|124|129|143|151|155|158|160|170|175|177|183|187|209|210|216|240|249|275|276|286|288|292|311|327|336|341|342|345|358|361|367|383|390|393|399|402|403|404|408|414|431|435|443|454|456|458|470|490|498|499|507|510|512|534|536|537|545|562|570|585|588|635|639|640|645|657|661|663|665|676|685|692|695|698|709|722|728|742|745|747|753|767|783|787|788|790|792|793|801|804

Productos:
3VW7VEC2O7282|72P6VGD0H80M9|7Y656VJ4H6D74|S717H01374L30|04XR5AWI7ZVX6|T5I15WJ51NXEU|U5W4RF1Q8L9WF|496023L1RMADK|6UEUO1NQR5441|C7201L3C0GJL5|3QQ6FF8L09WPO|6DFAGF09U4FGN|P6MLR0M7FBI27|X07G88OW4QK50|313MAYGT2W009|S64RYM90T40H3|063US0R1HE82Y|W7XS12HX3273O|2BC62498V0J50|324PD6BIGE42D|J4O54LM87NY20|10TS6B6221Q43|RQJXT8J1SVM0W|5Z7148PI99650|VD8O7J464F764

6-------------------------------------------- Categoría = 6 ---------------------------------------------------
Estantes:
12|17|32|34|37|42|43|51|59|62|63|68|92|93|96|107|116|119|133|138|178|188|195|213|219|223|254|256|274|277|284|308|343|346|352|373|392|401|411|432|445|450|457|460|467|468|484|488|524|528|529|542|543|550|554|556|560|561|567|584|589|597|607|618|624|627|629|632|674|681|683|696|710|713|731|746|751|757|785|794

Productos:
M9276C0E9GLO2|0U6183F1WM812|24ENH12E41M8R|ZA73JS6T699Q1|53Z7X7RVBX5R0|G4JY110HCE703|W94G487IBHT09|4TISD0SJ4Z346|959KXV8IY71LU|U4JNNX409J65B|35F2Z49619L39|4P8X5H7EDIWJ6|49QDBPG47TGF4

7-------------------------------------------- Categoría = 7 ---------------------------------------------------
Estantes:
18|29|30|36|55|61|73|77|100|117|123|144|145|196|201|231|258|265|269|272|282|285|289|294|295|304|317|326|328|335|338|339|350|351|355|357|365|370|371|377|378|382|388|398|405|418|422|427|463|479|481|483|489|509|526|532|551|553|594|603|608|611|633|641|646|664|669|690|693|705|708|723|724|727|729|732|741|748|764|765|766|776|780|789|798|799

Productos:
PFC7G3VKF3G12|9LLA570S1G87R|G2I5QHP83N4JE|27705GGIID5J6|8G12H8G028O88|45TF1JO83JBZP|2H33X18PPMOD7|Q4O38A59J5KD1|KI7JF2258Z371|WA38325FHEK4R|55759V1A268H7|0IGQ55W29H1TL|SS8J1D18H874I|5V3F2Q94J9F91|N1DX4F8ZRPXSB|H8JGJ32UY20HE|M39501I9VF4SG|A8DL4JM2UEL0D

8-------------------------------------------- Categoría = 8 ---------------------------------------------------
Estantes:
19|23|24|26|27|50|58|78|88|94|132|141|147|150|152|163|166|173|181|190|197|202|203|205|225|241|262|266|267|268|280|299|300|313|316|329|337|348|353|359|363|381|385|387|396|397|407|421|430|433|448|455|469|474|475|486|491|495|500|527|540|547|548|549|557|559|572|573|587|590|595|601|610|616|619|634|637|638|647|655|659|675|684|687|691|701|702|725|759|760|763|769|774

Productos:

9-------------------------------------------- Categoría = 9 ---------------------------------------------------
Estantes:
20|21|38|41|52|56|72|75|80|82|85|99|102|125|128|136|139|140|149|156|161|169|179|180|214|222|224|229|230|236|242|245|250|252|253|263|264|301|307|312|319|322|354|360|366|368|372|384|389|416|417|419|426|436|438|441|444|446|465|477|487|494|501|511|515|516|522|541|546|558|568|575|576|579|582|591|592|604|605|609|612|617|626|642|649|651|656|662|667|670|673|678|680|686|689|700|703|706|707|716|717|743|756|761|771|772|796|797|805|806

Productos:
58D53B58TD1MB|1U99VY6310Z69|7B04D661L9AMZ|42G8U620A6S97|W857ALKREV3GI|309E29R5885CT|Z9U2UV67XJJQ1|29MH652V4325L|30Z0IF88688RY|3233ONH0T4N42|ML1917VBJ9O77|XAQ671NYMYHA4|D123KU34NB2E6
